score: -0.01507981230679844
Duration: 434.2685806751251
